100 0.08399999999999999
200 0.192
300 0.30333319999999997
400 0.3565
500 0.4464
600 0.43533340000000004
700 0.461143
800 0.49225
900 0.5004444
1000 0.5396
1100 0.5274544000000001
1200 0.5429997999999999
1300 0.5613848000000001
1400 0.5652860000000001
1500 0.5537331999999999
1600 0.5625
1700 0.5823528
1800 0.5834444
1900 0.5893683999999999
2000 0.595
2100 0.5943808
2200 0.6082728
2300 0.612174
2400 0.6283331999999999
2500 0.62736
2600 0.6376156
2700 0.6365183999999999
2800 0.6460714000000001
2900 0.6508968
3000 0.6560002
3100 0.6636128
3200 0.6678751999999999
3300 0.6779394
3400 0.6791178
3500 0.6766286
3600 0.6801666000000001
3700 0.6752431999999999
3800 0.6813684
3900 0.6818462000000001
4000 0.6795000000000001
4100 0.6772686
4200 0.6781427999999999
4300 0.6811162000000002
4400 0.6858182
4500 0.6879112000000001
4600 0.6922608
4700 0.696596
4800 0.7007918
4900 0.7048572
5000 0.70104
5100 0.7048236
5200 0.708731
5300 0.7121888
5400 0.7138148000000001
5500 0.7136364000000001
5600 0.7171427999999999
5700 0.716772
5800 0.7216552
5900 0.7248136000000001
6000 0.7259002000000001
6100 0.7283276000000001
6200 0.7280324
6300 0.7275554000000001
6400 0.7286248000000001
6500 0.7312308
6600 0.726303
6700 0.7258808
6800 0.7222354000000001
6900 0.7230146000000001
7000 0.7212574
7100 0.7211548000000001
7200 0.7236944000000001
7300 0.7260549999999999
7400 0.7256488
7500 0.7266132
7600 0.7289476
7700 0.7311948
7800 0.729641
7900 0.7319494
8000 0.73415
8100 0.7350864
8200 0.7332683999999999
8300 0.7340724
8400 0.7362618000000001
8500 0.7349174
8600 0.7368371999999999
8700 0.7398621999999999
8800 0.7416136
8900 0.7433484
9000 0.7442
9100 0.7449009999999999
9200 0.7476738
9300 0.7479568000000001
9400 0.7495955999999999
9500 0.7522316
9600 0.7535832
9700 0.7540414
9800 0.7555304
9900 0.7580002
10000 0.7563
10100 0.7558416
10200 0.7570786
10300 0.7585244
10400 0.760846
10500 0.7611619999999999
10600 0.7624340000000001
10700 0.7646542000000001
10800 0.7668332
10900 0.7689724
11000 0.7691818
11100 0.7704504
11200 0.7725
11300 0.7735754
11400 0.7746316
11500 0.7739824
11600 0.7742585999999999
11700 0.776188
11800 0.7773049999999999
11900 0.7774622
12000 0.77675
12100 0.7778512
12200 0.7779510000000001
12300 0.779756
12400 0.7809514
12500 0.7818720000000001
12600 0.783603
12700 0.7831339999999999
12800 0.7840158
12900 0.7848992
13000 0.7865538
13100 0.7865192000000001
13200 0.7881364000000001
13300 0.7897295999999999
13400 0.7904926
13500 0.7912147999999999
13600 0.7912502000000001
13700 0.791416
13800 0.7921304
13900 0.7928346
14000 0.7921716
14100 0.7915034000000001
14200 0.7929717999999999
14300 0.7937342000000001
14400 0.7944443999999999
14500 0.7958620000000001
14600 0.7972604000000001
14700 0.7973744
14800 0.7982161999999999
14900 0.7995705999999999
15000 0.8003202000000001
15100 0.8003709999999999
15200 0.8003288
15300 0.8003789999999998
15400 0.8003636000000001
15500 0.7996130000000001
15600 0.8002564
15700 0.8015288
15800 0.8020254
15900 0.8032704
16000 0.8045002
16100 0.8057141999999999
16200 0.8056789999999999
16300 0.8062699999999999
16400 0.8074511999999998
16500 0.8086182000000001
16600 0.8092048000000001
16700 0.8097842
16800 0.8109168
16900 0.8113728
17000 0.810694
17100 0.811801
17200 0.8122908000000001
17300 0.8122657999999999
17400 0.8127587999999999
17500 0.8138284
17600 0.8148861999999999
17700 0.8154011999999999
17800 0.8159436000000001
17900 0.8164022
18000 0.8169000000000001
18100 0.8174144
18200 0.8184176000000001
18300 0.8188636
18400 0.8198482
18500 0.8208218
18600 0.8200968
18700 0.8205456000000002
18800 0.8209681999999999
18900 0.8213965999999999
19000 0.8218629999999999
19100 0.8227955999999998
19200 0.8231562
19300 0.8236164
19400 0.8238968
19500 0.8242153999999999
19600 0.8246224
19700 0.8250862
19800 0.8250204
19900 0.8258996
20000 0.82677
20100 0.8266764
20200 0.8275346000000001
20300 0.827882
20400 0.8287254
20500 0.8290143999999999
20600 0.8298448
20700 0.8301738000000001
20800 0.8309906
20900 0.8312823999999999
21000 0.8320854000000001
21100 0.8328814000000001
21200 0.83367
21300 0.8340562
21400 0.8344298
21500 0.8347256000000002
21600 0.8350094
21700 0.8349404
21800 0.8356972
21900 0.836
22000 0.8367454000000001
22100 0.8361176
22200 0.8364416
22300 0.836305
22400 0.8370358
22500 0.8377597999999999
22600 0.8384777999999999
22700 0.8387488
22800 0.8386752000000002
22900 0.83938
23000 0.8396779999999999
23100 0.8391514000000001
23200 0.8381205999999999
23300 0.8379570000000001
23400 0.8378376
23500 0.8367148
23600 0.8374067999999999
23700 0.8372574
23800 0.8379412
23900 0.8386191999999999
24000 0.8388665999999999
24100 0.8386473999999999
24200 0.838876
24300 0.8383376
24400 0.8386146
24500 0.8392734000000001
24600 0.8399266000000001
24700 0.839336
24800 0.8391694
24900 0.8390359999999999
25000 0.8384720000000001
25100 0.8387092
25200 0.839349
25300 0.839162
25400 0.8394648
25500 0.8397334000000001
25600 0.8403596
25700 0.8402177999999999
25800 0.8408374000000001
25900 0.8410732
26000 0.8413002
26100 0.8415480000000001
26200 0.8417709999999999
26300 0.8423728
26400 0.8429696
26500 0.8428076000000001
26600 0.8430300000000001
26700 0.8428688000000001
26800 0.8426866000000001
26900 0.8432715999999999
27000 0.8434668000000001
27100 0.8433138
27200 0.8438896
27300 0.8437218
27400 0.8430804000000001
27500 0.8433454000000001
27600 0.843913
27700 0.8441227999999998
27800 0.844345
27900 0.8445592
28000 0.8440215999999999
28100 0.8442562
28200 0.8445320000000001
28300 0.8447279999999999
28400 0.8445706
28500 0.8447718
28600 0.8446432000000001
28700 0.8437280000000001
28800 0.8435486000000001
28900 0.8440900000000001
29000 0.8442622
29100 0.8445085999999999
29200 0.8450412
29300 0.8438568
29400 0.8429457999999999
29500 0.8428746
29600 0.8427228
29700 0.8425926
29800 0.8427986000000001
29900 0.8426556
30000 0.8425334
30100 0.8427643999999999
30200 0.8430396
30300 0.8435577999999999
30400 0.8440724
30500 0.8442688
30600 0.8447777999999999
30700 0.8446580000000001
30800 0.844195
30900 0.8440842
31000 0.8442648
31100 0.8444309999999999
31200 0.8445640000000001
31300 0.8446963999999999
31400 0.8451914
31500 0.8456826
31600 0.8461708
31700 0.8463598000000001
31800 0.8468427999999999
31900 0.8469908
32000 0.8464812
32100 0.8466603999999999
32200 0.8459749999999999
32300 0.846099
32400 0.8465742
32500 0.8467321999999999
32600 0.8472023999999999
32700 0.8473946
32800 0.8475732
32900 0.8477323999999999
33000 0.8473032
33100 0.8474202
33200 0.8472232
33300 0.8474116
33400 0.8475807999999999
33500 0.8480356
33600 0.8479108
33700 0.8480533999999998
33800 0.848503
33900 0.8483595999999999
34000 0.8476174000000001
34100 0.847742
34200 0.8481873999999999
34300 0.8483382
34400 0.8479594
34500 0.848029
34600 0.8484684
34700 0.8485764
34800 0.8487414000000001
34900 0.8489112000000001
35000 0.8493428000000002
35100 0.849772
35200 0.8499431999999999
35300 0.8500962
35400 0.8502318000000001
35500 0.8506536
35600 0.8508314
35700 0.8509748
35800 0.8513911999999999
35900 0.8518052
36000 0.8516220000000001
36100 0.8520331999999999
36200 0.8524417999999999
36300 0.8528484000000001
36400 0.8529724
36500 0.852811
36600 0.8532132000000001
36700 0.8533351999999998
36800 0.8537338
36900 0.8535771999999999
37000 0.8537242
37100 0.8536225999999999
37200 0.8540161999999999
37300 0.8541288
37400 0.8545186000000001
37500 0.8544052000000001
37600 0.8545904
37700 0.854976
37800 0.8553598000000001
37900 0.8554617999999999
38000 0.8555841999999998
38100 0.8559633999999999
38200 0.8563404
38300 0.856444
38400 0.8568176000000001
38500 0.8566699999999999
38600 0.8570416
38700 0.8565996
38800 0.856969
38900 0.8573368
39000 0.8574462
39100 0.8568184000000001
39200 0.856949
39300 0.8567988
39400 0.8563653999999999
39500 0.8562331999999999
39600 0.8560757999999999
39700 0.8559144
39800 0.8560051999999999
39900 0.8563659999999998
40000 0.8562
40100 0.8555562
40200 0.8556518000000001
40300 0.8555138
40400 0.8551534000000001
40500 0.8546914000000001
40600 0.8548228
40700 0.8543832
40800 0.8537205999999999
40900 0.8536183999999999
41000 0.8537267999999999
41100 0.8538247999999999
41200 0.853694
41300 0.8533704
41400 0.8535074
41500 0.8536337999999999
41600 0.8537164
41700 0.8533718
41800 0.8534976000000001
41900 0.8538472
42000 0.8541952
42100 0.8542804
42200 0.8546256
42300 0.8547422000000001
42400 0.8541556
42500 0.8540281999999999
42600 0.8537041999999999
42700 0.853129
42800 0.8530044
42900 0.8530768
43000 0.8532094000000001
43100 0.8533595999999999
43200 0.8532316
43300 0.8531224
43400 0.8534607999999999
43500 0.8537976
43600 0.854133
43700 0.8540455999999998
43800 0.854379
43900 0.8542096000000001
44000 0.854341
44100 0.85376
44200 0.8540903999999999
44300 0.8539866
44400 0.8539009999999999
44500 0.8535280000000001
44600 0.8536186000000001
44700 0.8532306000000001
44800 0.8528840000000001
44900 0.8529844000000001
45000 0.853311
45100 0.8534326
45200 0.8535620000000002
45300 0.8538852
45400 0.853978
45500 0.8540354000000001
45600 0.854355
45700 0.8545076
45800 0.854633
45900 0.8547102000000001
46000 0.8546086
46100 0.8549241999999999
46200 0.8552379999999999
46300 0.8553518
46400 0.8556638
46500 0.855368
46600 0.8554807999999999
46700 0.8555248000000001
46800 0.8556111999999999
46900 0.8557056
47000 0.8558511999999998
47100 0.856157
47200 0.8560468
47300 0.8553063999999999
47400 0.8549452000000001
47500 0.854219
47600 0.8543023999999999
47700 0.8544069999999999
47800 0.8542970000000001
47900 0.854171
48000 0.8542540000000001
48100 0.853917
48200 0.8539916
48300 0.854294
48400 0.8544091999999999
48500 0.8545196
48600 0.8546377999999999
48700 0.8547267999999999
48800 0.8548074
48900 0.8549241999999999
49000 0.8550042
49100 0.85512
49200 0.8548411999999999
49300 0.8547464
49400 0.8548138
49500 0.8547032
49600 0.8541974
49700 0.8540884
49800 0.8541806000000001
49900 0.854072
